index,0,1,2
26457,0.04556374769354388,0.28552236505420825,0.668913887252248
26458,0.22781302384081167,0.29339266739408293,0.4787943087651053
26459,0.023357799477096118,0.06076374656673676,0.9158784539561671
26460,0.032344478024238336,0.057647135631487184,0.9100083863442745
26461,0.04009884060152931,0.2225944353639045,0.7373067240345663
26462,0.02387113307428988,0.10275640750531057,0.8733724594203995
26463,0.8066070056059511,0.1833565887030131,0.010036405691035645
26464,0.0235137752163777,0.07030766870023158,0.9061785560833906
26465,0.04679604481336969,0.06261530382154888,0.8905886513650816
26466,0.018612854405838628,0.39653788513249094,0.5848492604616704
26467,0.15515148224073436,0.06683299178666013,0.7780155259726056
26468,0.01862754373503204,0.042185668075466,0.939186788189502
26469,0.6089554519749476,0.08168970636698614,0.30935484165806626
26470,0.03291304169996285,0.3873424199205866,0.5797445383794506
26471,0.06710186073157558,0.09604646248754418,0.8368516767808802
26472,0.015000925066508877,0.6815598064633135,0.30343926847017766
26473,0.025473958083525206,0.04829983500507909,0.9262262069113958
26474,0.4331544030231106,0.5594353246206086,0.00741027235628076
26475,0.2758026956251248,0.19738559834717323,0.5268117060277019
26476,0.025606250687703926,0.05588569151964795,0.9185080577926481
26477,0.24227387381885535,0.11241792802452898,0.6453081981566157
26478,0.035232231822443304,0.0693911613836409,0.8953766067939157
26479,0.019509745256139143,0.05234309573418713,0.9281471590096737
26480,0.046073331925636465,0.05147500297246199,0.9024516651019016
26481,0.017466793069931152,0.5293686340440068,0.45316457288606204
26482,0.20141374675847354,0.06330565930945707,0.7352805939320695
26483,0.01847813388017875,0.24347228234050064,0.7380495837793206
26484,0.03630380260693441,0.1159624246546256,0.84773377273844
26485,0.029588277063954962,0.04419986863331765,0.9262118543027273
26486,0.07843318336685244,0.15518530432133357,0.766381512311814
26487,0.04268340309776389,0.08668106012764748,0.8706355367745886
26488,0.6156850762484585,0.3515596800260485,0.03275524372549306
26489,0.02853834881801253,0.480913848208636,0.49054780297335143
26490,0.04914191729984799,0.11387093851814381,0.8369871441820083
26491,0.013211830700184887,0.08521442329253591,0.9015737460072792
26492,0.0082488028654635,0.4624109130086027,0.5293402841259338
26493,0.15209796099375503,0.8472294523515197,0.0006725866547252436
26494,0.03652318497036797,0.49984932326261416,0.46362749176701784
26495,0.028349049625003734,0.05573576963939691,0.9159151807355994
26496,0.05612360970767038,0.11430610664408725,0.8295702836482424
26497,0.00398859293107216,0.9318687388236966,0.0641426682452314
26498,0.07070529606329964,0.8324097304934546,0.09688497344324587
26499,0.07153024727137737,0.10217299189510058,0.8262967608335221
26500,0.012780397724931756,0.767362094858048,0.21985750741702026
26501,0.02988387934038184,0.5431196021610598,0.42699651849855835
26502,0.05834695282136624,0.031234797411819143,0.9104182497668145
26503,0.015795610544533403,0.39162834802665597,0.5925760414288106
26504,0.08134989603139768,0.15080545234342504,0.7678446516251773
26505,0.03657848859689933,0.08364765039879854,0.8797738610043021
26506,0.048568670814632904,0.9326330928437578,0.018798236341609258
26507,0.021796361321234126,0.9704183071321899,0.0077853315465759906
26508,0.10640259764057754,0.19094104878840654,0.702656353571016
26509,0.07817567429732114,0.09585274032129126,0.8259715853813874
26510,0.01286461874824281,0.5553691580474536,0.4317662232043036
26511,0.027719086394325763,0.03755683354608272,0.9347240800595915
26512,0.061796761178382245,0.1283348987881536,0.8098683400334642
26513,0.09046340541871004,0.2486076879527211,0.6609289066285688
26514,0.015662746917347755,0.06795000060621477,0.9163872524764374
26515,0.7468584250702264,0.016966792759831324,0.23617478216994214
26516,0.030057150439711567,0.4749266910396827,0.49501615852060576
26517,0.09851817838711993,0.8952171709354122,0.006264650677467856
26518,0.0394966373476762,0.07129674778597189,0.889206614866352
26519,0.80714944665607,0.022783031916377747,0.17006752142755216
26520,0.0021764120205249402,0.9448630106181438,0.05296057736133123
26521,0.014633456246156203,0.3406694322179551,0.6446971115358887
26522,0.17669248113626757,0.1738475202792276,0.6494599985845049
26523,0.06821942387222428,0.14819694866123428,0.7835836274665414
26524,0.0238196648529901,0.1855840995768141,0.7905962355701958
26525,0.2981835076975294,0.23888106535635129,0.4629354269461194
26526,0.026017844248230206,0.050057646965275815,0.9239245087864939
26527,0.11842001775379954,0.16887641208375015,0.7127035701624503
26528,0.007248376324024086,0.9891161354134063,0.0036354882625696193
26529,0.5590963915307805,0.050260751614507916,0.3906428568547115
26530,0.0664327957230783,0.08079524034942075,0.8527719639275009
26531,0.019884616295623932,0.3233995239511158,0.6567158597532603
26532,0.7856162735518671,0.03522263932754697,0.1791610871205859
26533,0.05546047596680774,0.07438511841960348,0.8701544056135887
26534,0.014613841564750317,0.06111798573991103,0.9242681726953387
26535,0.023078036739257277,0.07374772465995164,0.903174238600791
26536,0.04959004968159196,0.21062040286200856,0.7397895474563996
26537,0.03438454478766527,0.04564642668630735,0.9199690285260272
26538,0.035081757554747725,0.3549013349174499,0.6100169075278025
26539,0.00915553790149873,0.41006005047337024,0.580784411625131
26540,0.5251701573330488,0.17040872446677308,0.3044211182001781
26541,0.027683364276128254,0.11512076029611992,0.8571958754277518
26542,0.05490337860717084,0.10119005721363872,0.8439065641791904
26543,0.06346559852846852,0.06897700625205702,0.8675573952194745
26544,0.0825605602116303,0.16193931596797925,0.7555001238203904
26545,0.023637217946052738,0.7138867698588016,0.2624760121951457
26546,0.03532767738599821,0.06723071426355114,0.8974416083504506
26547,0.04913148039150819,0.054675100368198726,0.8961934192402929
26548,0.01901450956610068,0.05810957229659794,0.9228759181373014
26549,0.08143285961416329,0.9134915667762238,0.0050755736096129
26550,0.018187892139073417,0.14198499172287551,0.839827116138051
26551,0.015020792088545233,0.25279944029525747,0.7321797676161972
26552,0.013730014287153864,0.11543853806084588,0.8708314476520003
26553,0.02396020961172234,0.08205942490998974,0.8939803654782881
26554,0.03964824133557462,0.39583432986353073,0.5645174288008947
26555,0.09033923031259089,0.07043607840044011,0.839224691286969
26556,0.019341927470102285,0.3180888219770688,0.6625692505528289
26557,0.03047158754972925,0.048745967667242276,0.9207824447830284
26558,0.7432768143967616,0.02134245939946902,0.23538072620376932
26559,0.5380484383035979,0.050787872999286075,0.41116368869711606
26560,0.030588376496338276,0.07410529426811574,0.8953063292355461
26561,0.01992291770377383,0.3289379155707488,0.6511391667254773
26562,0.02762994400517755,0.05339546811571205,0.9189745878791105
26563,0.017372156858367675,0.06646084371272831,0.916166999428904
26564,0.14179114206280155,0.15404859111569455,0.704160266821504
26565,0.032634908547111846,0.7234870227794156,0.24387806867347256
26566,0.016562890943847382,0.2794551564946821,0.7039819525614706
26567,0.0560199570913345,0.09634165659660306,0.8476383863120625
26568,0.6450784930408812,0.33086519354696287,0.02405631341215589
26569,0.012529772076190025,0.0595871796048449,0.9278830483189651
26570,0.016557945340597215,0.7490164082309618,0.234425646428441
26571,0.025038464350983766,0.050847392051562634,0.9241141435974536
26572,0.022886925176629744,0.3249985845946336,0.6521144902287368
26573,0.09152061309911726,0.09830573256643237,0.8101736543344503
26574,0.23587082374364593,0.029654820952492,0.734474355303862
26575,0.05588620626079041,0.05428735794697868,0.8898264357922311
26576,0.1580792349982464,0.0408415546721089,0.8010792103296447
26577,0.0651277902469337,0.08579661296720555,0.8490755967858609
26578,0.6505283329534998,0.12352837503968025,0.22594329200682
26579,0.3066715873457871,0.6887786543117959,0.0045497583424169204
26580,0.03185237494839804,0.07110918871378094,0.897038436337821
26581,0.06890167700605132,0.12673323102455117,0.8043650919693974
26582,0.030478576346050817,0.07134476427290823,0.898176659381041
26583,0.028650973634152564,0.026727462671178693,0.9446215636946687
26584,0.03580375175414888,0.14191821789940434,0.8222780303464468
26585,0.05908986639095576,0.8613270146016341,0.07958311900741027
26586,0.734426811766532,0.17923554484118587,0.08633764339228214
26587,0.10682000194767707,0.781029067717467,0.11215093033485582
26588,0.022111392494310253,0.1076494273201461,0.8702391801855437
26589,0.18546785982236405,0.06745422389393652,0.7470779162836994
26590,0.040938945867612854,0.6925626565966191,0.26649839753576804
26591,0.15794694083958014,0.8286296201872354,0.013423438973184473
26592,0.8165021148717648,0.01655288565685873,0.1669449994713764
26593,0.003947891190659866,0.8981267521437672,0.09792535666557288
26594,0.029917757304066678,0.06987353223177226,0.900208710464161
26595,0.025683860190332166,0.03632562711622346,0.9379905126934444
26596,0.0548662276837022,0.11467188240959453,0.8304618899067033
26597,0.7448697556957438,0.15407342934816887,0.10105681495608741
26598,0.030475965974786433,0.2111045184690053,0.7584195155562082
26599,0.040810062997673945,0.055764544651209405,0.9034253923511166
26600,0.03188952310446794,0.044562060887726754,0.9235484160078052
26601,0.02426459071426778,0.23458517351064168,0.7411502357750905
26602,0.017253788073443944,0.13984971614171232,0.8428964957848438
26603,0.025163322489853493,0.10463421476197926,0.8702024627481673
26604,0.02152197656164416,0.07242681825468675,0.9060512051836691
26605,0.01967615756221812,0.05614043087853443,0.9241834115592473
26606,0.030734229908435363,0.2451818850295194,0.7240838850620452
26607,0.027479988621123948,0.9636855968153669,0.00883441456350919
26608,0.02921034543924998,0.07365321810804037,0.8971364364527098
26609,0.03476930151353617,0.07091414085030022,0.8943165576361636
26610,0.3098924899386059,0.6603133083217586,0.02979420173963551
26611,0.10243007792335129,0.32697165211774093,0.5705982699589077
26612,0.06036293363681028,0.49914042547359655,0.44049664088959317
26613,0.023090099876362943,0.3106562490817619,0.6662536510418751
26614,0.23777714740069703,0.09273526328145004,0.6694875893178528
26615,0.06222348959296426,0.08200591271579127,0.8557705976912445
26616,0.032350733847653974,0.060113441199188454,0.9075358249531575
26617,0.07510137884010334,0.16258875295515454,0.7623098682047422
26618,0.027909275482636952,0.06743231399531495,0.9046584105220481
26619,0.04721152254359978,0.11327342901951767,0.8395150484368825
26620,0.1071997467693615,0.8634690819951285,0.029331171235510156
26621,0.033486908098341844,0.07328803529977651,0.8932250566018816
26622,0.014003466453391936,0.7723834467809607,0.2136130867656474
26623,0.0035215681983672142,0.8477018731217104,0.14877655867992234
26624,0.03685920262846831,0.08669970531562687,0.8764410920559048
26625,0.9468648288480175,0.018883892996877913,0.034251278155104786
26626,0.22003597845507541,0.08514168288657986,0.6948223386583448
26627,0.02158964153802611,0.05861439899154436,0.9197959594704295
26628,0.016901133580780752,0.06602702227147272,0.9170718441477465
26629,0.025244689258227117,0.05275511295177297,0.9220001977899999
26630,0.02564181862837879,0.07120808436378481,0.9031500970078363
26631,0.03398781474095195,0.07376791382256724,0.8922442714364809
26632,0.24359350118512518,0.06806664002228405,0.6883398587925906
26633,0.03687852998812169,0.06201316004751453,0.9011083099643638
26634,0.03208520028385576,0.03810517689038576,0.9298096228257584
26635,0.025612311975947787,0.24461362153919666,0.7297740664848555
26636,0.01071370434239272,0.7644447290583465,0.2248415665992608
26637,0.019624990782288645,0.09452032699453203,0.8858546822231792
26638,0.004233544841164065,0.9362838286345507,0.0594826265242852
26639,0.217949059807953,0.641770090847941,0.140280849344106
26640,0.7660919086879602,0.05042136495601239,0.18348672635602753
26641,0.22825255755536725,0.68545767790091,0.0862897645437227
26642,0.032184103776626054,0.060073459217069164,0.9077424370063046
26643,0.02016461114543775,0.34046482509363696,0.6393705637609254
26644,0.040484512484612635,0.06543881024472781,0.8940766772706596
26645,0.03219209433409666,0.12641054283597558,0.8413973628299278
26646,0.9208296867383046,0.034302892818562185,0.04486742044313335
26647,0.024817737229354618,0.06282263065113233,0.9123596321195131
26648,0.0113868628845511,0.6664180473020127,0.32219508981343614
26649,0.05413287227077221,0.0774635310174255,0.8684035967118023
26650,0.7079981620128457,0.2573919769177793,0.034609861069375
26651,0.07086149024861177,0.92454035532666,0.004598154424728175
26652,0.643126361896458,0.0258680948888852,0.3310055432146568
26653,0.13133278909801993,0.08905198990716645,0.7796152209948135
26654,0.017274846139613012,0.7834066635145758,0.19931849034581114
26655,0.009786665015759671,0.7992606865016834,0.19095264848255689
26656,0.04646643437071483,0.11108953968343736,0.8424440259458479
26657,0.028732504390971032,0.20169942229820187,0.7695680733108272
26658,0.02002410194263947,0.4759956830495946,0.5039802150077659
26659,0.07640480156584345,0.21691116998855056,0.706684028445606
26660,0.022974882302911614,0.30513703145217574,0.6718880862449126
26661,0.5678243695774638,0.028931165778448297,0.40324446464408786
26662,0.01397406738954679,0.3396185425841018,0.6464073900263514
26663,0.02105529735823895,0.22896274779833486,0.7499819548434261
26664,0.1568738765284239,0.08847526323559453,0.7546508602359816
26665,0.4496196291466842,0.15812220379443315,0.3922581670588826
26666,0.027396009927241977,0.5447963253312431,0.42780766474151477
26667,0.008245736344885256,0.03240380779492928,0.9593504558601855
26668,0.011867776188337684,0.7174794098190101,0.27065281399265206
26669,0.18417485800239278,0.43879144979866325,0.3770336921989441
26670,0.6962259104755478,0.08141071774512898,0.2223633717793232
26671,0.013752358468874461,0.5118626624600126,0.4743849790711129
26672,0.03568697667430052,0.059822140109926834,0.9044908832157728
26673,0.049878730546231154,0.0858652049844621,0.8642560644693067
26674,0.8650253148605982,0.013193798338400453,0.12178088680100146
26675,0.024876224859823333,0.08406121304019305,0.8910625620999837
26676,0.07660165410549856,0.09168240467491384,0.8317159412195876
26677,0.029274992065293777,0.06514541383639848,0.9055795940983078
26678,0.02275225716662465,0.19171024230140443,0.785537500531971
26679,0.2764555357897601,0.04536864935076823,0.6781758148594716
26680,0.02027963537188674,0.32174558808163833,0.657974776546475
26681,0.02880788370590083,0.05268442771375629,0.9185076885803428
26682,0.044661956194611815,0.09584366034739003,0.859494383457998
26683,0.018861456034134257,0.39170898207354343,0.5894295618923224
26684,0.05218658667533101,0.12342093148117288,0.8243924818434961
26685,0.5166453601446807,0.0527213164811919,0.43063332337412746
26686,0.021021115926499998,0.04353620333733546,0.9354426807361644
26687,0.09572398394212185,0.11983449767096756,0.7844415183869106
26688,0.10103072019353404,0.8161934671768326,0.08277581262963325
26689,0.036428880912514235,0.10108289822655747,0.8624882208609284
26690,0.013852795085239143,0.049136870486238514,0.9370103344285223
26691,0.09013268311754175,0.2474292806065091,0.6624380362759492
26692,0.005439596577797568,0.5632070939489515,0.4313533094732509
26693,0.37489428319020496,0.04889340838755071,0.5762123084222444
26694,0.7705480815901469,0.2257041019842692,0.0037478164255840608
26695,0.0375860865163242,0.06007585998661427,0.9023380534970615
26696,0.025860328485851816,0.05048423501888614,0.9236554364952619
26697,0.02276112238267172,0.034272592820816024,0.9429662847965122
26698,0.020741109008591347,0.01956708014966519,0.9596918108417436
26699,0.0465912176856715,0.34892440603744235,0.6044843762768861
26700,0.014806538720496447,0.590451245760543,0.39474221551896066
26701,0.1155508864958737,0.31090010478231966,0.5735490087218066
26702,0.03821893216972278,0.4218859397243814,0.5398951281058958
26703,0.0451269943369204,0.12434216983214895,0.8305308358309307
26704,0.02624953916853711,0.060626328538387377,0.9131241322930757
26705,0.030255352867424454,0.03421982272799681,0.9355248244045787
26706,0.025868618665473034,0.05954047580787495,0.9145909055266521
26707,0.4666641627776621,0.05052311346434331,0.48281272375799467
26708,0.02512891761941402,0.05007568943855946,0.9247953929420265
26709,0.020364224088133164,0.04336504366163303,0.9362707322502337
26710,0.062453624549570326,0.08517927705972389,0.8523670983907059
26711,0.6785768602993982,0.03061156985218335,0.2908115698484185
26712,0.023654018771272562,0.3003080244180044,0.6760379568107231
26713,0.06512513793414354,0.30344620190399973,0.6314286601618567
26714,0.03443491733003759,0.10108464100176037,0.864480441668202
26715,0.017703501111294696,0.3481199229494557,0.6341765759392496
26716,0.02285082267567959,0.9253913271157519,0.051757850208568566
26717,0.02191486384768972,0.1131347920167761,0.8649503441355341
26718,0.05605084745670556,0.13522448770452394,0.8087246648387705
26719,0.04025742472416771,0.37551635748040124,0.584226217795431
26720,0.1418497994141136,0.0635868378299526,0.7945633627559338
26721,0.019229477934315408,0.25750745801848396,0.7232630640472006
26722,0.4426733782743369,0.032434802962109495,0.5248918187635536
26723,0.035649301762265946,0.068758314000756,0.895592384236978
26724,0.0474294104674696,0.31630403863908696,0.6362665508934434
26725,0.008951236874983304,0.42392934652210434,0.5671194166029123
26726,0.10085038967966847,0.5764192955274047,0.32273031479292685
26727,0.022261266732157215,0.050578583462657686,0.9271601498051851
26728,0.08091944712851139,0.1162160265589435,0.8028645263125451
26729,0.07318752347268495,0.2405615776436678,0.6862508988836473
26730,0.04665063570992775,0.8620461466178373,0.09130321767223494
26731,0.02866531122725846,0.08000571196514776,0.8913289768075938
26732,0.13270232161669648,0.8619411776133159,0.0053565007699877334
26733,0.03895202698319629,0.0456267045611123,0.9154212684556915
26734,0.054516415862931634,0.26777968016898035,0.6777039039680881
26735,0.02940950441944662,0.09374998761034373,0.8768405079702096
26736,0.07372763520349092,0.22192084936994436,0.7043515154265648
26737,0.0471150594267882,0.29901456775689733,0.6538703728163144
26738,0.014978339284059753,0.0508647413398862,0.934156919376054
26739,0.601114934225186,0.027205794237583958,0.37167927153723
26740,0.02046139344857016,0.05188014165420315,0.9276584648972268
26741,0.05669668931929071,0.9225452726123594,0.020758038068349877
26742,0.013701455266893389,0.21801636888397685,0.7682821758491298
26743,0.08859231122960297,0.1563869823728925,0.7550207063975045
26744,0.15001391633389222,0.2652787948120552,0.5847072888540525
26745,0.013360219287626282,0.04451882245463536,0.9421209582577385
26746,0.6175702463509936,0.1008729851428561,0.2815567685061503
26747,0.0070211699114967364,0.8141913217924814,0.17878750829602177
26748,0.6456254854452798,0.10138548563347283,0.2529890289212474
26749,0.04857471441026864,0.17884061248611588,0.7725846731036154
26750,0.014085479633030439,0.06641653499067993,0.9194979853762897
26751,0.042360963793161094,0.1190818834208978,0.8385571527859411
26752,0.008068307420453696,0.5348181248684062,0.4571135677111402
26753,0.07534455441734915,0.06548973467132996,0.859165710911321
26754,0.13013576187972445,0.05432996404422049,0.815534274076055
26755,0.019060133862429888,0.1292327595705217,0.8517071065670485
26756,0.15912364050433075,0.04919135429352912,0.7916850052021401
26757,0.07975928031113638,0.13034065694107674,0.7899000627477868
26758,0.0787018711160767,0.5493131237089713,0.3719850051749519
26759,0.038226197951771484,0.12958563643121718,0.8321881656170114
26760,0.325046186622909,0.10983919402379115,0.5651146193532999
26761,0.01945048678054375,0.10764615162409492,0.8729033615953613
26762,0.019212491415869927,0.062169157101686356,0.9186183514824438
26763,0.017173190576310678,0.07008819365566038,0.9127386157680288
26764,0.05820358147097408,0.12441935782765473,0.8173770607013713
26765,0.08701968750219324,0.09167396816970509,0.8213063443281017
26766,0.004745128914589215,0.8598456787964346,0.13540919228897616
26767,0.03918643873252679,0.09572918504203595,0.8650843762254372
26768,0.005206194352998393,0.9916143772401285,0.0031794284068732232
26769,0.30287444323066637,0.1431462541683992,0.5539793026009343
26770,0.006984312935106431,0.04126433970075648,0.951751347364137
26771,0.2372727234782398,0.7459300646448646,0.016797211876895753
26772,0.9342932027045372,0.006594923124842309,0.05911187417062043
26773,0.09440008559053026,0.10136747190811435,0.8042324425013553
26774,0.05957784442639192,0.11767628351450815,0.8227458720590999
26775,0.010543585265345736,0.5070507956910238,0.48240561904363033
26776,0.026905301935741234,0.05806366362088686,0.915031034443372
26777,0.020520580534480155,0.05962601864588741,0.9198534008196324
26778,0.04285457763010017,0.08145271561119503,0.8756927067587048
26779,0.014766260250873135,0.09999075506664865,0.8852429846824781
26780,0.022681628444937683,0.0608206101417594,0.916497761413303
26781,0.03070176367997119,0.19578825082917556,0.7735099854908533
26782,0.02239494078212278,0.03965407578943375,0.9379509834284435
26783,0.3673405570822047,0.15225936797734382,0.48040007494045145
26784,0.005799443583003959,0.8381570410598669,0.15604351535712918
26785,0.053796365783719956,0.18302797294185377,0.7631756612744264
26786,0.9110853663083077,0.01612787667429716,0.07278675701739513
26787,0.02965022130660088,0.047357762142211914,0.9229920165511872
26788,0.19160684907232475,0.3439289489722694,0.46446420195540583
26789,0.023459102132642202,0.45813633815906185,0.5184045597082959
26790,0.05828554555477377,0.13415501042820022,0.8075594440170261
26791,0.02379296521812263,0.056301681962043354,0.919905352819834
26792,0.03881500743934889,0.054193458560700694,0.9069915339999504
26793,0.02716702544250148,0.25880252382792124,0.7140304507295773
26794,0.030650256524466676,0.07371409875684586,0.8956356447186874
26795,0.03616135908156923,0.20624037081518645,0.7575982701032443
26796,0.015681197520216152,0.9838344216578183,0.0004843808219655365
26797,0.02160587008699552,0.3260652626667947,0.6523288672462098
26798,0.5583670056182999,0.04079633453169062,0.4008366598500095
26799,0.41088305971603034,0.04664452962115882,0.5424724106628109
26800,0.009767570585663965,0.9811327015217934,0.009099727892542696
26801,0.008589931791751621,0.7550316469477063,0.23637842126054204
26802,0.09271205481610661,0.15452970074996858,0.7527582444339248
26803,0.013280065244263357,0.38232864436588954,0.6043912903898472
26804,0.016414290832708338,0.26598961946585115,0.7175960897014405
26805,0.016070620912337175,0.06637985854358824,0.9175495205440745
26806,0.15438841891369312,0.32744361533498106,0.5181679657513258
26807,0.018149203646907638,0.06445217452230038,0.917398621830792
26808,0.023998128616131573,0.16531570864971012,0.8106861627341584
26809,0.021522446113744976,0.2330854984328092,0.7453920554534458
26810,0.015857572085407244,0.2662863056810638,0.717856122233529
26811,0.01566868461369011,0.05718646434147795,0.9271448510448319
26812,0.019305229078044488,0.03563476808310715,0.9450600028388484
26813,0.030305308664652423,0.4952225738838951,0.47447211745145246
26814,0.07405108698780372,0.17682982816186307,0.7491190848503332
26815,0.07049139255562012,0.10866019558856249,0.8208484118558174
26816,0.04819624790907846,0.3728913903898907,0.5789123617010308
26817,0.02459542518421948,0.025741407276553517,0.9496631675392271
26818,0.09735719587686589,0.22106946683152018,0.681573337291614
26819,0.09378455574644393,0.3746540353943686,0.5315614088591875
26820,0.08441994315561972,0.9072891240261138,0.008290932818266507
26821,0.013997590648179644,0.9804942232670318,0.005508186084788526
26822,0.022193690753358034,0.5520421376249101,0.4257641716217319
26823,0.04496408158422256,0.045097879178753894,0.9099380392370235
26824,0.11591247737688848,0.0528312745125708,0.8312562481105407
26825,0.02677554093717323,0.07446119046541577,0.8987632685974112
26826,0.02011719213695792,0.04508655965641235,0.9347962482066297
26827,0.047060450262438776,0.11012399232172224,0.8428155574158389
26828,0.03520163507023446,0.08496236735937049,0.8798359975703951
26829,0.023678839947892147,0.04869090620903206,0.9276302538430758
26830,0.03235573447873222,0.056343482197181,0.9113007833240868
26831,0.01681137069624647,0.09608391628371477,0.8871047130200388
26832,0.013094629279115533,0.04289220484588216,0.9440131658750024
26833,0.034687562651804456,0.09350489819371566,0.87180753915448
26834,0.02660032609506426,0.12454456674905837,0.8488551071558774
26835,0.8614137794229193,0.018741794877876885,0.11984442569920373
26836,0.11670894495469304,0.2900492576550936,0.5932417973902134
26837,0.2846311585962585,0.05151008131108214,0.6638587600926594
26838,0.39245720839323656,0.28184525692780216,0.32569753467896123
26839,0.9732436256912046,0.00547826092942916,0.021278113379366203
26840,0.049345869770754884,0.12380490150120077,0.8268492287280442
26841,0.02492353228866183,0.05481962774337387,0.9202568399679643
26842,0.01924355159254549,0.44672186286391685,0.5340345855435377
26843,0.04249832990773249,0.1035545719942588,0.8539470980980088
26844,0.009224435656644873,0.8232771932238294,0.16749837111952565
26845,0.875418011473582,0.009911304637053343,0.1146706838893646
26846,0.027544678546329415,0.10547268501834027,0.8669826364353304
26847,0.054996510721810776,0.13648155255994598,0.8085219367182434
26848,0.2048369549456981,0.04829728632417924,0.7468657587301226
26849,0.7068556373162325,0.03765348647686578,0.2554908762069016
26850,0.06306841447639064,0.18056579416992286,0.7563657913536865
26851,0.043097840465387276,0.07020562776812167,0.886696531766491
26852,0.00736645845376707,0.8849344528537672,0.10769908869246583
26853,0.03600573471915776,0.052085815369107474,0.9119084499117347
26854,0.02815595784585414,0.9668691335282169,0.004974908625928887
26855,0.02617368648560588,0.213268864526309,0.7605574489880851
26856,0.1680771632277571,0.05715505882468947,0.7747677779475535
26857,0.04479261253717966,0.24093324341020392,0.7142741440526164
26858,0.006171539543510427,0.9231382119410002,0.07069024851548938
26859,0.007670239667714945,0.8841478140579397,0.10818194627434535
26860,0.007920029875433028,0.8133574629602214,0.17872250716434568
26861,0.020659794719322024,0.43980887095641313,0.5395313343242648
26862,0.04675995988703161,0.09074871474296226,0.8624913253700062
26863,0.01742607016450784,0.10426264151562639,0.8783112883198658
26864,0.023875430875473606,0.5051267761831634,0.4709977929413631
26865,0.010052049975409066,0.21634546754550243,0.7736024824790886
26866,0.01374797309008938,0.2025113023450051,0.7837407245649056
26867,0.03131899593126282,0.05642378717732972,0.9122572168914075
26868,0.019016013221334897,0.042179865830965765,0.9388041209476993
26869,0.02989349893148501,0.05164154112842628,0.9184649599400886
26870,0.00712746689647078,0.8972687065139308,0.09560382658959854
26871,0.6773792583859781,0.03598964922945658,0.2866310923845654
26872,0.01763712380603314,0.0794586138065961,0.9029042623873708
26873,0.03240087732664918,0.21620278003946225,0.7513963426338884
26874,0.011122529368754288,0.4733529917069642,0.5155244789242815
26875,0.042298733006864916,0.2940192415599338,0.6636820254332012
26876,0.030550075622307396,0.034722511083747284,0.9347274132939453
26877,0.029106137975969032,0.044023934641374725,0.9268699273826562
26878,0.09475128021839575,0.07846211367915164,0.8267866061024527
26879,0.013661248460110933,0.3332024070200312,0.6531363445198579
26880,0.26458131019237563,0.052610945073706505,0.6828077447339179
26881,0.01646976944912866,0.057574685036822115,0.9259555455140492
26882,0.8687407383169301,0.021473389951305225,0.10978587173176466
26883,0.022720647216177017,0.07695797585965089,0.900321376924172
26884,0.004600063102016267,0.7761260803561103,0.2192738565418735
26885,0.3847508482369168,0.12801232919240796,0.48723682257067524
26886,0.030478871341675758,0.07689125292936237,0.8926298757289619
26887,0.036572622387835374,0.1158619245413326,0.847565453070832
26888,0.06294938467391616,0.11338981004149609,0.8236608052845877
26889,0.023661480326342035,0.07198820079929227,0.9043503188743656
26890,0.024355675098406374,0.22729694124971245,0.7483473836518811
26891,0.01822801529182521,0.5912765791163974,0.3904954055917773
26892,0.062457398547358114,0.10377549505885664,0.8337671063937853
26893,0.030971724476370123,0.03546604236788566,0.9335622331557442
26894,0.04289605773655973,0.1402708844361243,0.816833057827316
26895,0.02202786494523832,0.3001371089157856,0.6778350261389761
26896,0.043226997372693816,0.08009443596410824,0.8766785666631978
26897,0.026430623772821616,0.1758706149820922,0.7976987612450862
26898,0.023060910533305622,0.06363699778487401,0.9133020916818204
26899,0.08706273071152901,0.12177813682982361,0.7911591324586474
26900,0.019755294655350523,0.19809500944706815,0.7821496958975813
26901,0.00996992921874626,0.580932406669805,0.40909766411144877
26902,0.04138086819222099,0.020154641322280578,0.9384644904854983
26903,0.03633589578322364,0.20654250126003346,0.7571216029567429
26904,0.9003669063194579,0.09232558576008998,0.00730750792045202
26905,0.03661247472005198,0.08758036753387835,0.8758071577460697
26906,0.025373175235341616,0.11890277317056783,0.8557240515940905
26907,0.018542710023134006,0.023804174111825886,0.9576531158650401
26908,0.04362402274246309,0.1353534862084794,0.8210224910490576
26909,0.00510366826669463,0.6673099077181142,0.3275864240151911
26910,0.052255665190983014,0.1496698876373406,0.7980744471716763
26911,0.06717726257512047,0.0819058263243153,0.8509169111005642
26912,0.032339252978532185,0.08227851227915313,0.8853822347423147
26913,0.8568549669309935,0.03094296296450362,0.11220207010450296
26914,0.019182229855385747,0.14276091420646536,0.8380568559381488
26915,0.07873366456986854,0.07563554854520407,0.8456307868849274
26916,0.2688735837660916,0.7278833438265724,0.0032430724073358947
26917,0.01468370861307884,0.38441720582138067,0.6008990855655405
26918,0.02658691020106306,0.06560320917352314,0.9078098806254138
26919,0.6596384752617188,0.03644837770689111,0.30391314703139016
26920,0.018917036863268046,0.3996786711049902,0.5814042920317417
26921,0.004881876104987959,0.883140385440015,0.111977738454997
26922,0.018109872085494354,0.6503078841345125,0.3315822437799932
26923,0.025550338819095367,0.04729099557770732,0.9271586656031973
26924,0.023116470305188236,0.1956999178059658,0.781183611888846
26925,0.023027327838368028,0.03514904838794932,0.9418236237736826
26926,0.02665403403525829,0.14852915483209286,0.8248168111326488
26927,0.06993358252537307,0.10027052134590783,0.8297958961287191
26928,0.003811695609128936,0.993073501391808,0.003114802999063003
26929,0.026348384089745058,0.08464425563753687,0.889007360272718
26930,0.003951831540330024,0.8436257203807507,0.15242244807891928
26931,0.06948747716669897,0.9223185003454801,0.008194022487820866
26932,0.005403801550668594,0.7710603761424089,0.22353582230692237
26933,0.39935413477854964,0.038504525870095,0.5621413393513555
26934,0.05774154370494283,0.08993691394469963,0.8523215423503576
26935,0.015198481659332344,0.08846069445378785,0.89634082388688
26936,0.01735465529679172,0.1362565068279604,0.8463888378752478
26937,0.08014915850147492,0.15938988395282613,0.7604609575456989
26938,0.13155837947680504,0.86161629068102,0.006825329842174968
26939,0.8764887883355865,0.1109643066699336,0.012546904994480013
26940,0.06544190208411738,0.08862107708671645,0.8459370208291663
26941,0.028495276095719446,0.5304939422477916,0.4410107816564891
26942,0.04628352942285936,0.10658202700884152,0.847134443568299
26943,0.0067794993484487625,0.6029513223675145,0.3902691782840366
26944,0.05983083340915428,0.06234547225887695,0.8778236943319688
26945,0.02464221264062964,0.6097462143600079,0.36561157299936253
26946,0.029198142156306298,0.08334631967356844,0.8874555381701252
26947,0.045318884097374265,0.16094068848492102,0.7937404274177047
26948,0.009811675441853008,0.7246238472483982,0.26556447730974875
26949,0.6201733986067536,0.049057077900074304,0.33076952349317207
26950,0.2917947607483476,0.094290442805653,0.6139147964459993
26951,0.6656343956392364,0.18477884664133268,0.14958675771943095
26952,0.07897225485726422,0.20008645506350015,0.7209412900792356
26953,0.2582070830860825,0.012864084991808744,0.7289288319221088
26954,0.01739921793146488,0.1777517374424723,0.8048490446260628
26955,0.007285982750571416,0.8138480905201746,0.178865926729254
26956,0.22307341285473933,0.30049276387145835,0.4764338232738024
26957,0.8122448330951315,0.024993634168905113,0.1627615327359633
26958,0.4936976672620077,0.04441682166918779,0.46188551106880454
26959,0.020955778330632276,0.31211961973873176,0.6669246019306359
26960,0.030685542762463016,0.25719176686118805,0.7121226903763489
26961,0.01923003350874434,0.07116849583788537,0.9096014706533703
26962,0.0213396862761995,0.6746063642401819,0.3040539494836185
26963,0.37489428319020496,0.04889340838755071,0.5762123084222444
26964,0.10962336651279576,0.08475474330604604,0.8056218901811583
26965,0.005036381687258574,0.8014165816485138,0.19354703666422757
26966,0.043226997372693816,0.08009443596410824,0.8766785666631978
26967,0.02928946297145765,0.06404129512286798,0.9066692419056743
26968,0.07065188541167877,0.12561839357723478,0.8037297210110865
26969,0.033103977387365216,0.0397454182493304,0.9271506043633044
26970,0.026413225558882196,0.09542891485136248,0.8781578595897555
26971,0.019057220285608557,0.2560213153395473,0.7249214643748441
26972,0.1735715923297186,0.3832044397121981,0.44322396795808333
26973,0.0425660038614086,0.14400320465104455,0.8134307914875467
26974,0.02742318784864378,0.06386232268950133,0.9087144894618548
26975,0.019698337881268794,0.03622469402447851,0.9440769680942527
26976,0.10091198178325242,0.8701158186207385,0.02897219959600901
26977,0.07730660667865041,0.15100357187240115,0.7716898214489484
26978,0.019552604371124358,0.16449893469912605,0.8159484609297496
26979,0.05930979409755809,0.2601496710265237,0.6805405348759183
26980,0.028703097502999278,0.13367638136797982,0.837620521129021
26981,0.039852591225603785,0.38961058375763075,0.5705368250167655
26982,0.016490775886451797,0.07213167759258383,0.9113775465209643
26983,0.08298875301937311,0.16462862368808537,0.7523826232925416
26984,0.01386182656509307,0.3415549677674399,0.6445832056674671
26985,0.04880098859250221,0.3731571917819927,0.578041819625505
26986,0.11700454569235526,0.0847437561865287,0.7982516981211161
26987,0.020199224549492294,0.7117986697172731,0.2680021057332347
26988,0.07299587673918168,0.46844826322294764,0.4585558600378707
26989,0.015545616056641077,0.507941806789697,0.4765125771536619
26990,0.026124074612737563,0.05690680389272075,0.9169691214945417
26991,0.01876562170224251,0.05402376613030958,0.9272106121674479
26992,0.03535538218708001,0.4421636103131661,0.5224810074997539
26993,0.011388317281795615,0.06355664716064884,0.9250550355575555
26994,0.07737778591714456,0.08271781426362938,0.8399043998192262
26995,0.019587555017826115,0.2960097102833292,0.6844027346988448
26996,0.027934905274082995,0.03714141725150796,0.9349236774744091
26997,0.37502673631496763,0.5114087251541768,0.11356453853085574
26998,0.73794260075539,0.03246151860908929,0.22959588063552072
26999,0.6002633256815219,0.01569920499557627,0.3840374693229018
27000,0.007074851672123892,0.7938447848474184,0.19908036348045763
27001,0.015407931393224349,0.5857604464312831,0.3988316221754926
27002,0.034582600072169296,0.19438237169920208,0.7710350282286287
27003,0.04457244590102851,0.12398270361602601,0.8314448504829455
27004,0.3547808678740142,0.06568324487623939,0.5795358872497465
27005,0.030472541532105865,0.5006647713990887,0.46886268706880535
27006,0.04201194581352622,0.07600697126683523,0.8819810829196386
27007,0.01202526547531859,0.8546627394227779,0.13331199510190359
27008,0.011425602165814647,0.14604470925083812,0.8425296885833473
27009,0.03663729168444358,0.11556835947197441,0.847794348843582
27010,0.028939340597888996,0.04857600999013533,0.9224846494119757
27011,0.07282344714922571,0.6823263116441719,0.24485024120660243
27012,0.0304915162072495,0.0450275366123192,0.9244809471804314
27013,0.5586828165118541,0.04591352533464866,0.3954036581534972
27014,0.07900313308904826,0.7637664357546685,0.1572304311562833
27015,0.02738290170044033,0.6827444912811429,0.2898726070184169
27016,0.056283385526560155,0.06489171607040041,0.8788248984030393
27017,0.031189714808693435,0.09282277061262925,0.8759875145786773
27018,0.1506744439683292,0.0762293371197026,0.7730962189119682
27019,0.0567822252163121,0.11629843492580508,0.8269193398578829
27020,0.006552152531966187,0.6473904657199019,0.34605738174813194
27021,0.01329361184663951,0.5564054754206091,0.43030091273275134
27022,0.015569671637773673,0.030193196059277665,0.9542371323029486
27023,0.12403147320692098,0.21581447307930465,0.6601540537137744
27024,0.028333606687570075,0.12623130439598418,0.8454350889164457
27025,0.321266469595348,0.02774404888309398,0.650989481521558
27026,0.031141540153600353,0.05003920200679217,0.9188192578396075
27027,0.2530126447083987,0.03717263173470993,0.7098147235568913
27028,0.3483719954623994,0.052713049632311756,0.5989149549052888
27029,0.0180210884805593,0.07703167061691918,0.9049472409025215
27030,0.3035367173878696,0.5564817858692026,0.13998149674292779
27031,0.6508180272462918,0.11863386186742068,0.23054811088628752
27032,0.7152084243329175,0.04159969756699987,0.24319187810008255
27033,0.02433082800386589,0.053054167367848994,0.922615004628285
27034,0.02760662318155176,0.11043144849465407,0.8619619283237941
27035,0.8474499900675394,0.020645726381964984,0.13190428355049566
27036,0.0761301234410807,0.06479526651110512,0.8590746100478142
27037,0.19023512759378916,0.2940895841088889,0.5156752882973219
27038,0.026807556027322904,0.047088722492147336,0.9261037214805299
27039,0.4032627142124133,0.1002299995934163,0.4965072861941704
27040,0.04998496002725983,0.11530582423112465,0.8347092157416155
27041,0.024788569536017,0.07035912395212507,0.904852306511858
27042,0.17873759921766177,0.807201716555849,0.014060684226489286
27043,0.031158322714023832,0.07047914211861384,0.8983625351673623
27044,0.031662329786683645,0.16784906200959568,0.8004886082037208
27045,0.13923394733220476,0.16876966804192467,0.6919963846258707
27046,0.042332745013608404,0.08596590818874783,0.8717013467976438
27047,0.06992875494710994,0.35921427124821503,0.5708569738046749
27048,0.2166240237706944,0.7823682330107053,0.0010077432186001813
27049,0.0710315153292855,0.40086185563621174,0.5281066290345027
27050,0.026885848068018685,0.09108388064063964,0.8820302712913417
27051,0.10608867920079373,0.2970787985834346,0.5968325222157717
27052,0.032156385803610396,0.03293432325422726,0.9349092909421622
27053,0.02581009392875515,0.2681594733781639,0.7060304326930809
27054,0.05834649728794068,0.09147292899490408,0.8501805737171553
27055,0.13337571929571074,0.8643853481836352,0.0022389325206540025
27056,0.12351943229578838,0.8717695825137541,0.004710985190457594
27057,0.01657814164575416,0.5386963730104031,0.44472548534384265
27058,0.8787064544396781,0.05048148830386782,0.07081205725645398
27059,0.06752170795698997,0.06573054018890954,0.8667477518541005
27060,0.03806944845462207,0.10033275785584145,0.8615977936895364
27061,0.8754812124406155,0.0320716551122909,0.09244713244709363
27062,0.5144519922220873,0.03833642386745262,0.4472115839104601
27063,0.01262591012768641,0.029461354690889452,0.9579127351814241
27064,0.021295731412208193,0.048188513388640185,0.9305157551991516
27065,0.04415703488985717,0.2642948524441655,0.6915481126659774
27066,0.03161181568490439,0.05352899365323147,0.9148591906618642
27067,0.02102125487496285,0.24169628521186362,0.7372824599131735
27068,0.8703275765016834,0.015984796320468942,0.11368762717784754
27069,0.014925100089881623,0.05722545629573233,0.927849443614386
27070,0.044064377246062325,0.074794129489603,0.8811414932643347
